4294967279,108
4294967279,107
4294967279,106
4294967279,105
4294967279,104
4294967279,103
4294967279,102
4294967279,101
4294967279,100
4294967279,99
4294967279,98
4294967279,97
4294967279,96
4294967279,95
4294967279,94
4294967279,93
4294967279,92
4294967279,91
4294967279,90
4294967278,199
4294967278,196
4294967294,443
4294967294,520
4294967294,444
4294967294,428
4294967294,993
4294967294,992
4294967294,1008
4294967294,431
4294967294,538
4294967294,423
4294967294,427
4294967294,69
4294967294,429
4294967294,466
4294967294,467
4294967294,201
4294967294,14
4294967294,127
4294967294,20
4294967294,13
4294967294,61
4294967294,401
4294967294,1003
4294967294,126
4294967294,18
4294967294,11
4294967279,132
4294967279,131
4294967279,130
4294967279,129
4294967279,128
4294967279,127
4294967279,126
4294967279,125
4294967279,124
4294967279,123
4294967279,122
4294967279,121
4294967279,120
4294967279,119
4294967279,118
4294967279,117
4294967279,116
4294967279,115
4294967279,114
4294967279,113
4294967279,112
4294967279,111
4294967279,110
4294967279,109
4294967294,1361
4294967278,313
4294967279,319
4294967279,318
4294967278,312
4294967278,311
4294967279,317
4294967279,316
4294967278,310
4294967278,309
4294967279,315
4294967279,314
4294967278,308
4294967279,313
4294967278,307
4294967279,312
4294967278,306
4294967279,311
4294967278,305
4294967278,183
4294967294,1004
4294967294,1006
4294967294,1002
4294967294,1013
4294967279,310
4294967278,182
4294967278,304
4294967278,181
4294967278,180
4294967278,177
4294967278,179
4294967278,178
4294967278,303
4294967278,176
4294967278,175
4294967279,309
4294967278,173
4294967278,172
4294967278,171
4294967279,308
4294967278,170
4294967294,438
4294967278,169
4294967278,168
4294967279,307
4294967278,167
4294967278,22
4294967278,21
4294967278,20
4294967278,19
4294967278,18
4294967278,17
4294967278,16
4294967278,15
4294967278,14
4294967278,13
4294967278,12
4294967278,11
4294967278,10
4294967278,9
4294967278,8
4294967278,7
4294967278,6
4294967278,5
4294967278,4
4294967278,302
4294967294,89
4294967279,306
4294967279,305
4294967278,301
4294967278,300
4294967279,304
4294967279,303
4294967278,299
4294967278,298
4294967279,302
4294967279,301
4294967278,297
4294967294,392
4294967279,300
4294967278,296
4294967279,299
4294967278,295
4294967278,294
4294967278,155
4294967294,38
4294967294,37
4294967294,390
4294967294,430
4294967279,298
4294967278,154
4294967278,293
4294967278,153
4294967278,152
4294967278,149
4294967278,151
9,5
9,4
4294967278,150
9,2
9,1
4294967278,292
4294967294,40
4294967278,148
4294967278,147
8,4
8,3
8,2
8,1
4294967279,297
4294967278,146
4294967278,145
4294967278,144
7,4
7,3
7,2
7,1
4294967279,296
4294967278,143
4294967278,142
4294967278,141
4294967279,295
4294967278,140
4294967294,413
4294967278,36
4294967278,35
4294967278,34
4294967278,33
4294967278,32
4294967278,31
4294967278,30
4294967278,29
4294967278,28
4294967278,27
4294967278,26
4294967278,25
4294967278,24
4294967278,23
4294967279,138
4294967279,24
4294967279,23
4294967279,21
4294967279,19
4294967279,18
4294967279,17
4294967279,16
4294967279,15
4294967279,14
4294967294,112
4294967294,111
4294967294,46
4294967294,36
4294967294,39
4294967294,115
4294967294,165
4294967294,113
4294967294,167
4294967294,175
4294967294,177
4294967294,30
4294967294,164
4294967294,12
4294967294,97
4294967294,80
4294967294,174
4294967294,169
4294967294,388
4294967294,387
4294967294,180
4294967294,189
4294967294,183
4294967294,160
4294967294,116
4294967294,168
4294967294,68
4294967294,200
4294967294,199
4294967294,197
4294967294,193
4294967294,1023
4294967294,1011
4294967294,1007
4294967294,190
4294967294,182
4294967294,176
4294967294,173
4294967294,170
4294967294,163
4294967294,162
4294967294,161
4294967294,2
4294967294,1
4294967294,104
4294967294,106
4294967294,166
4294967294,24
4294967294,184
4294967294,384
4294967294,188
4294967294,185
4294967294,1359
4294967294,120
4294967294,451
4294967294,535
4294967294,422
4294967278,291
4294967279,294
4294967278,290
4294967279,12
4294967279,11
