4294967294,1441
4294967279,273
4294967294,269
4294967278,283
4294967294,1423
4294967294,286
4294967279,291
4294967294,115
4294967279,260
4294967279,0
4294967279,174
4294967278,341
4294967279,267
4294967278,265
4294967279,266
4294967278,371
4294967294,170
4294967294,266
4294967294,401
4294967294,185
4294967278,369
4294967279,282
4294967278,368
4294967279,279
4294967278,366
85,5
85,4
85,3
85,2
85,1
4294967279,258
4294967294,22
84,4
84,3
84,2
84,1
4294967279,533
4294967294,471
4294967279,255
83,4
83,3
83,2
83,1
4294967279,253
4294967278,249
4294967294,441
4294967294,398
4294967294,457
4294967294,463
4294967294,400
4294967279,251
4294967278,248
4294967279,249
4294967278,246
0,7
4294967294,419
4294967279,247
4294967294,1440
4294967278,240
4294967279,238
4294967278,237
4294967279,237
4294967278,232
4294967278,235
4294967279,230
4294967294,6
4294967279,228
4294967278,227
4294967278,225
4294967278,221
4294967279,221
4294967279,217
4294967278,363
4294967294,9
4294967279,564
4294967278,362
4294967279,214
4294967294,388
4294967294,120
4294967279,213
4294967279,529
81,5
81,4
81,2
81,1
4294967279,208
4294967278,205
4294967279,206
80,4
80,3
80,2
80,1
4294967279,205
4294967278,203
79,4
4294967279,203
79,3
79,2
79,1
4294967278,201
4294967279,202
4294967278,200
4294967279,201
4294967278,199
4294967294,1439
4294967294,186
4294967279,561
4294967279,197
4294967278,361
4294967279,560
4294967294,389
4294967279,191
4294967294,39
4294967294,36
4294967279,515
4294967278,186
4294967278,312
4294967279,185
4294967279,184
4294967278,178
4294967279,179
4294967278,177
4294967279,178
4294967278,176
4294967279,177
4294967279,173
4294967279,312
4294967294,161
4294967278,168
4294967279,554
4294967279,166
77,5
77,4
77,2
77,1
4294967294,0
4294967279,161
76,4
76,3
76,2
76,1
75,4
4294967278,156
75,3
75,2
75,1
4294967278,349
4294967279,156
4294967294,314
4294967294,406
4294967294,416
4294967294,164
4294967294,408
4294967294,108
4294967278,153
4294967294,2
4294967294,1438
4294967278,293
4294967294,46
4294967279,148
4294967294,1
4294967294,5
4294967294,107
4294967294,50
4294967294,96
4294967294,94
4294967294,8
4294967294,99
4294967294,90
4294967294,86
4294967294,315
4294967294,29
4294967294,28
4294967294,285
4294967294,27
4294967294,437
4294967294,93
4294967294,95
4294967279,293
4294967278,135
4294967279,135
4294967278,134
4294967279,274
4294967294,7
4294967294,92
4294967294,17
4294967294,41
4294967294,52
4294967278,271
4294967279,271
4294967294,25
4294967294,26
4294967294,318
4294967294,203
4294967294,198
4294967294,422
4294967294,67
4294967294,182
4294967278,270
0,5
4294967293,131
4294967293,130
4294967293,129
4294967293,128
4294967293,127
4294967293,126
4294967293,125
4294967293,124
4294967293,123
4294967293,122
4294967293,121
4294967293,120
4294967293,119
4294967293,118
4294967293,117
4294967293,116
4294967293,115
4294967293,114
4294967293,113
4294967293,112
4294967293,111
4294967293,110
4294967293,109
4294967293,108
4294967293,107
4294967293,106
4294967293,105
4294967293,104
4294967293,103
4294967293,102
4294967293,101
4294967293,100
4294967293,99
4294967293,98
4294967293,97
4294967293,96
4294967293,95
4294967293,94
4294967293,93
4294967293,92
4294967293,91
4294967293,90
4294967293,89
4294967293,87
4294967293,86
4294967293,85
4294967293,84
4294967293,83
4294967293,82
4294967293,81
4294967293,80
4294967293,79
4294967293,78
4294967293,77
4294967293,76
4294967293,75
4294967293,74
4294967293,73
4294967293,72
4294967293,71
4294967293,70
4294967293,69
4294967293,68
4294967293,67
4294967293,66
4294967293,65
4294967293,64
4294967293,63
4294967293,62
4294967293,61
4294967293,60
4294967293,59
4294967293,58
4294967293,57
4294967293,56
4294967293,55
4294967293,54
4294967293,53
4294967293,52
4294967293,51
4294967293,50
4294967293,49
4294967293,48
4294967293,47
4294967293,46
4294967293,45
4294967293,44
4294967293,43
4294967293,42
4294967293,41
4294967293,40
4294967293,39
4294967293,38
4294967293,37
4294967293,36
4294967293,35
4294967293,34
4294967293,33
4294967293,32
4294967293,31
4294967293,30
4294967293,29
4294967293,28
4294967293,27
4294967293,26
4294967293,25
4294967293,24
4294967293,23
4294967293,22
4294967293,21
4294967293,20
4294967293,19
4294967293,18
4294967293,17
4294967293,16
4294967293,15
4294967293,14
4294967293,13
4294967293,12
4294967293,11
4294967293,10
4294967293,9
4294967293,8
4294967293,7
4294967293,6
4294967293,5
4294967293,4
4294967293,3
4294967279,562
4294967279,81
4294967279,80
4294967279,79
4294967279,69
4294967279,65
4294967279,63
4294967279,62
4294967279,61
4294967279,60
4294967279,58
4294967279,57
4294967279,55
4294967279,54
4294967279,53
4294967279,52
4294967279,51
4294967279,50
4294967279,49
4294967279,48
4294967279,47
4294967279,46
4294967279,45
4294967279,44
4294967279,43
4294967279,42
4294967279,41
4294967279,40
4294967279,39
4294967279,38
4294967279,37
4294967279,36
4294967279,35
4294967279,34
4294967279,33
4294967279,32
4294967279,31
4294967279,30
4294967279,29
4294967279,28
4294967279,27
4294967279,26
4294967279,25
4294967279,268
4294967279,285
4294967278,266
4294967279,324
4294967278,339
4294967279,284
4294967278,259
4294967278,258
73,2
73,1
4294967279,541
72,4
72,3
72,2
72,1
71,4
71,3
71,2
71,1
4294967278,250
4294967294,1437
4294967279,246
4294967279,244
4294967278,329
4294967278,230
4294967278,228
4294967279,222
4294967278,220
4294967278,219
4294967278,328
4294967279,530
4294967278,327
4294967278,326
69,2
69,1
4294967278,206
4294967278,204
68,4
68,3
68,2
68,1
4294967294,399
4294967294,183
4294967294,589
4294967294,420
4294967294,167
4294967294,450
4294967294,448
4294967294,184
4294967294,119
4294967294,465
4294967294,459
4294967294,452
4294967279,204
67,4
